[11.39,3.57,0,0,0,0]
[19.58,15.44,0,0,0,0]
[13.29,10.64,0,0,0,0]
[27.28,27.01,0,0,0,0]
[3.55,18.73,0,0,0,0]
[0.6,9.73,0,0,0,0]
[14.8,12.1,0,0,0,0]
[7.41,18.05,0,0,0,0]
[11.06,29.37,0,0,0,0]
[18.29,20.67,0,0,0,0]
[23.55,16.05,0,0,0,0]
[1.78,19.51,0,0,0,0]
[24.13,19.65,0,0,0,0]
[12.39,28.04,0,0,0,0]
[14.26,19.34,0,0,0,0]
[14.33,3.59,0,0,0,0]
[17.66,3.77,0,0,0,0]
[5.02,26.46,0,0,0,0]
[8.01,23.95,0,0,0,0]
[25.87,24.58,0,0,0,0]
[20.4,2.21,0,0,0,0]
[6.84,23.9,0,0,0,0]
[14.26,2.92,0,0,0,0]
[1.26,21.54,0,0,0,0]
[23.11,26.71,0,0,0,0]
[6.36,26.99,0,0,0,0]
[7.08,4.6,0,0,0,0]
[26.63,12.89,0,0,0,0]
[23.42,17.87,0,0,0,0]
[26.05,2.68,0,0,0,0]
[18.41,0.19,0,0,0,0]
[1.69,8.15,0,0,0,0]
[8.58,27.56,0,0,0,0]
[12.22,13.13,0,0,0,0]
[9.22,10.26,0,0,0,0]
[3.07,13.78,0,0,0,0]
[9.93,8.61,0,0,0,0]
[10.87,6,0,0,0,0]
[1.25,2.96,0,0,0,0]
[27.05,9.1,0,0,0,0]
[14.23,5.34,0,0,0,0]
[22.34,29.28,0,0,0,0]
[26.08,23.24,0,0,0,0]
[24.88,27.7,0,0,0,0]
[15.92,5.92,0,0,0,0]
[0.96,1.48,0,0,0,0]
[1.02,11.14,0,0,0,0]
[21.03,3.9,0,0,0,0]
[16.61,2.33,0,0,0,0]
[21.48,7.92,0,0,0,0]
[0.38,9.61,0,0,0,0]
[28.73,2.84,0,0,0,0]
[23.35,1.13,0,0,0,0]
[10.2,22.53,0,0,0,0]
[16.75,22.63,0,0,0,0]
[8.83,17.42,0,0,0,0]
[19.1,4.12,0,0,0,0]
[20.83,4.87,0,0,0,0]
[29.83,15.26,0,0,0,0]
[3.13,8.73,0,0,0,0]
[27.05,6.31,0,0,0,0]
[8.28,3.7,0,0,0,0]
[3.32,29.72,0,0,0,0]
[25.2,27.89,0,0,0,0]
[18.5,26.58,0,0,0,0]
[11.46,16.92,0,0,0,0]
[25.79,12.12,0,0,0,0]
[9.36,27.65,0,0,0,0]
[25.72,29.42,0,0,0,0]
[3.18,26.79,0,0,0,0]
[5.97,11.26,0,0,0,0]
[15.37,25.43,0,0,0,0]
[27.4,22.35,0,0,0,0]
[9.51,25.27,0,0,0,0]
[16.17,14.87,0,0,0,0]
[14.15,11.72,0,0,0,0]
[6.15,20.71,0,0,0,0]
[13.41,8.79,0,0,0,0]
[23.98,3.66,0,0,0,0]
[23.86,4.03,0,0,0,0]
[7.71,27.49,0,0,0,0]
[26.09,8.76,0,0,0,0]
[6.89,26.75,0,0,0,0]
[29.24,27.16,0,0,0,0]
[12.11,27.89,0,0,0,0]
[27.35,5.88,0,0,0,0]
[2.39,25.15,0,0,0,0]
[16.24,22.32,0,0,0,0]
[9.05,11.53,0,0,0,0]
[19.97,8.95,0,0,0,0]
[5.17,25.88,0,0,0,0]
[22.3,17.37,0,0,0,0]
[11.13,4.59,0,0,0,0]
[27.74,27.62,0,0,0,0]
[4.35,22.11,0,0,0,0]
[18.88,22.9,0,0,0,0]